# This is the header of the file
0.74170 0.99418
0.71343 0.81433
0.24611 0.85894
0.90364 0.45749
0.30655 0.25238
0.45228 0.71894
0.98491 0.25833
0.97956 0.81651
0.40155 0.08938
0.00839 0.50933
0.07018 0.75760
0.98837 0.62571
0.55008 0.34982
0.70562 0.43972
0.45254 0.38414
0.07346 0.58657
0.72859 0.29331
0.87788 0.99827
0.08124 0.95649
0.45250 0.02180
0.25352 0.48774
0.07325 0.24231
0.70728 0.95468
0.39350 0.10201
0.87791 0.97963
0.50589 0.48690
0.47997 0.29590
0.61395 0.25414
0.27761 0.85808
0.46460 0.08648
0.30098 0.71889
0.65123 0.30435
0.34890 0.01498
0.21476 0.64635
0.50094 0.57724
0.70013 0.52943
0.92121 0.02024
0.54172 0.23721
0.76700 0.81271
0.29536 0.65027
0.13046 0.08865
0.89303 0.30423
0.45000 0.86038
0.82068 0.29558
0.74178 0.68229
0.28667 0.86229
0.93116 0.10650
0.38524 0.63612
0.09703 0.83311
0.21814 0.39683
